0 13.33536 3.40628
1 12.07841 3.04925
2 11.65074 3.08594
3 11.43609 2.90751
4 11.68119 2.98662
5 11.98986 3.13042
6 11.56156 3.28118
7 11.57868 3.05092
8 11.51145 3.02553
9 11.34805 3.13401
10 11.80149 3.21136
11 11.49661 2.74839
12 11.80042 2.98848
13 11.88371 3.15796
14 11.55725 3.06053
15 11.41395 2.97894
16 11.80362 3.08313
17 11.59537 3.10221
18 11.72403 3.07801
19 11.56784 2.9696
20 11.60063 2.95794
21 11.51352 3.01941
22 11.33949 2.93738
23 11.21931 2.87511
24 11.58853 2.95086
25 11.65442 2.95711
26 11.85398 3.07212
27 11.96353 3.0621
28 11.67147 3.03445
29 11.60129 2.9594
30 11.85226 3.06893
31 11.53137 3.0605
32 11.69908 3.00136
33 11.46396 3.04868
34 11.73154 3.06801
35 11.34636 3.16229
36 11.68626 2.98698
37 11.81654 3.02852
38 11.52353 3.00416
39 11.71872 2.9079
40 11.68529 2.88307
41 11.6766 2.9902
42 11.66173 2.90527
43 11.66489 2.90418
44 11.70553 3.08257
45 11.51999 3.02179
46 11.84731 3.09938
47 11.42704 2.93522
48 11.63019 2.96117
49 11.51275 3.00587
50 11.64122 3.01525
51 11.4729 3.05422
52 11.36082 2.89408
53 11.5664 2.97315
54 11.72022 2.98027
55 11.49685 3.03805
56 11.67737 3.04142
57 11.73665 2.88971
58 11.6936 2.99742
59 11.53259 3.02556
60 11.66093 3.10283
61 11.80207 3.04256
62 11.71921 3.08292
63 11.73373 2.8709
64 11.93754 3.12337
65 11.73448 2.9764
66 11.78871 3.00221
67 11.48711 2.9605
68 11.82642 2.99792
69 11.7793 3.17039
70 11.55336 3.10407
71 11.43541 2.95608
72 11.5888 3.04072
73 11.74095 3.01684
74 11.37705 2.9423
75 11.61557 3.02537
76 11.35261 2.94212
77 11.66239 3.11904
78 11.69626 2.9178
79 11.42343 2.98966
80 11.35253 2.98399
81 11.67765 2.98026
82 11.66447 2.84956
83 11.21711 3.03103
84 11.84967 2.9962
85 11.93714 3.12366
86 11.76036 2.96662
87 11.7435 3.02002
88 12.02308 3.05559
89 11.75251 2.98576
90 11.71791 3.10954
91 11.83434 3.06855
92 11.67289 3.19544
93 11.92584 3.15486
94 11.64323 3.11635
95 11.61177 3.00319
96 11.75323 2.95706
97 11.96021 3.11718
98 12.09065 3.05067
99 11.56295 3.15681
100 11.75175 3.11588
101 11.67664 2.90579
102 11.94555 2.98851
103 11.67146 3.05315
104 11.78501 3.13362
105 11.63703 3.12831
106 12.57203 3.41162
107 11.45769 3.08967
108 11.64554 2.91034
109 11.31411 3.10772
110 11.7475 3.18767
111 11.91196 2.99098
112 11.79949 3.10316
113 11.78088 3.01658
114 11.5458 3.08793
115 11.57432 3.02799
116 11.62065 2.95989
117 11.45477 3.04298
118 11.3208 2.93236
119 11.34556 3.04616
120 11.81135 3.20791
121 11.51683 2.88214
122 11.83106 3.01291
123 11.44547 2.91139
124 11.48141 3.04834
125 11.65402 3.08706
126 11.62882 2.87968
127 11.50637 3.07597
128 11.63768 7.26999
129 20.51504 5.03039
130 18.68152 4.32115
131 19.22116 4.44905
132 11.73755 7.25956
133 19.29445 4.47641
134 18.00724 4.27645
135 18.37882 4.12955
136 18.26569 4.19676
137 18.16664 4.25313
138 18.40633 4.16795
139 17.81089 4.4084
140 18.17977 4.29106
141 18.15098 4.29763
142 17.95326 4.18225
143 18.17157 4.08599
144 17.96399 4.40615
145 18.37674 4.26872
146 18.24592 4.17321
147 18.17427 4.24942
148 18.17929 4.09757
149 18.11716 4.18348
150 17.91344 4.24915
151 18.48728 4.29518
152 18.03891 4.35765
153 18.10964 4.00996
154 18.36073 4.24061
155 18.11824 4.09101
156 18.25092 4.21466
157 18.14017 4.30263
158 18.25291 4.15518
159 18.43782 4.16767
160 17.93977 4.24419
161 18.07188 4.16169
162 18.45658 4.34802
163 18.1392 4.34037
164 18.45061 4.37663
165 18.11654 4.15495
166 18.09416 4.22108
167 18.48177 4.18836
168 18.02821 4.12618
169 18.20018 4.05125
170 19.15803 4.48737
171 11.89251 7.13107
172 19.28868 4.61922
173 18.04097 4.16107
174 18.48544 4.39324
175 18.33048 4.25955
176 17.61344 4.11562
177 18.06606 4.42498
178 17.97436 4.17215
179 18.24546 4.21875
180 18.52368 4.39272
181 17.97699 4.08625
182 18.14424 4.25922
183 18.4784 4.48655
184 18.28239 4.29675
185 19.44391 4.66442
186 11.95279 6.89067
187 11.68201 7.08087
188 21.10084 5.52267
189 11.51587 7.30509
190 19.26313 4.48933
191 18.53778 4.44349
192 1.49195 10.11292
193 18.13174 9.48402
194 9.26577 3.15711
195 9.17858 3.28967
196 9.27436 3.21937
197 9.11115 3.40949
198 8.99125 3.32831
199 9.20375 3.2189
200 9.60648 3.378
201 9.55198 3.28668
202 9.4371 3.35666
203 9.08043 3.25924
204 9.53498 3.16141
205 9.65057 3.28345
206 9.5407 3.22238
207 9.10173 3.28201
208 9.5635 3.04234
209 9.59041 3.20528
210 9.14317 3.27474
211 9.3514 3.44529
212 9.29538 3.17976
213 9.53864 3.16102
214 9.16062 3.35467
215 8.93542 3.29479
216 9.52587 3.20437
217 8.90552 3.27741
218 9.41039 3.34367
219 9.3718 3.23136
220 9.64405 3.14645
221 9.28451 3.0542
222 9.64855 3.04762
223 11.67164 3.24701
224 13.3762 4.34916
225 12.08228 3.52628
226 11.76709 3.33139
227 11.68137 3.30988
228 11.52496 3.21348
229 11.3311 3.03331
230 11.96513 3.45756
231 11.58343 3.20735
232 11.31551 3.09389
233 11.54352 3.2241
234 11.58534 3.26157
235 11.56225 3.196
236 11.9011 3.50846
237 11.38222 2.96336
238 11.92525 3.36165
239 11.81075 3.31021
240 11.93583 3.4403
241 11.39706 3.06587
242 11.89919 3.3926
243 11.85772 3.38906
244 11.63398 3.18887
245 11.54628 3.23867
246 11.76124 3.3689
247 11.45045 3.11718
248 11.73516 3.26135
249 11.88277 3.39234
250 11.71154 3.31501
251 11.45896 3.31268
252 11.42671 3.07962
253 11.76473 3.37253
254 11.68991 3.31791
255 11.72702 3.33808
256 11.62618 3.13431
257 11.58012 3.12513
258 12.00208 3.17077
259 11.72561 3.03591
260 11.65991 3.25
261 11.5787 3.19355
262 11.79711 3.13746
263 11.65399 3.04187
264 11.87377 3.1223
265 11.72394 3.15186
266 11.88551 3.06794
267 11.75434 3.17526
268 11.81616 3.09273
269 11.77514 3.03221
270 11.35777 3.254
271 12.00096 3.04104
272 11.98805 3.13871
273 11.9499 3.02776
274 11.90099 3.16635
275 11.57024 3.1975
276 11.73308 3.11124
277 12.00187 3.04286
278 11.7853 3.19441
279 11.58766 3.0769
280 11.94982 3.0182
281 11.71168 3.02097
282 12.03013 3.15291
283 11.96229 3.13106
284 11.93915 3.19155
285 11.63106 3.19516
286 11.49964 3.21179
287 11.73621 2.98498
288 11.98494 3.14383
289 11.99293 3.11227
290 11.85626 3.00349
291 11.63701 3.06639
292 12.11228 3.15542
293 11.58911 3.02456
294 11.52234 2.91676
295 11.64442 2.94016
296 11.87199 3.13134
297 12.11468 3.16412
298 12.01771 3.12271
299 11.70151 3.02543
300 11.74311 2.97682
301 12.11281 3.18645
302 12.08282 3.12995
303 11.96261 3.14833
304 11.95839 3.14345
305 11.82662 3.00209
306 11.9868 3.17878
307 11.97112 2.995
308 11.96404 3.28684
309 12.19838 3.20359
310 11.97093 3.14336
311 12.02632 3.08915
312 12.03414 3.13039
313 11.99938 3.19787
314 11.67487 3.11907
315 12.04969 3.33183
316 12.14073 3.18458
317 12.13169 3.14697
318 11.87424 3.33626
319 11.95744 3.12635
320 5.72478 1.48321
321 6.06781 1.56704
322 5.80274 1.52436
323 5.60976 1.48259
324 6.02009 1.52879
325 5.75536 1.43868
326 5.7379 1.47632
327 5.42375 1.46166
328 5.89409 1.51132
329 5.56162 1.45038
330 5.95947 1.5491
331 5.96064 1.55071
332 5.70856 1.43825
333 5.77313 1.39762
334 5.64763 1.44264
335 5.79594 1.45649
336 5.75665 1.49502
337 5.62107 1.4341
338 5.73959 1.52037
339 5.55298 1.47365
340 5.53182 1.49877
341 5.78846 1.42065
342 6.0459 1.49045
343 5.86538 1.44622
344 5.35462 1.41595
345 5.68889 1.4656
346 5.86531 1.5681
347 5.61861 1.50508
348 5.77877 1.4755
349 5.89936 1.45861
350 5.5672 1.45868
351 5.86908 1.51682
352 5.62352 1.43693
353 5.98325 1.47942
354 5.82856 1.48834
355 5.86278 1.47526
356 5.61537 1.45128
357 5.78882 1.49306
358 5.86085 1.4337
359 5.80379 1.51225
360 5.65684 1.38538
361 6.02767 1.52235
362 5.97189 1.4585
363 5.70323 1.5028
364 5.61645 1.48295
365 5.89177 1.52121
366 6.07712 1.55378
367 5.5962 1.39151
368 5.79752 1.44297
369 6.05045 1.52808
370 6.00626 1.56364
371 5.89079 1.52482
372 5.86733 1.46068
373 5.9488 1.48136
374 5.7698 1.4877
375 5.49527 1.38867
376 5.65416 1.37265
377 5.66393 1.38246
378 5.79614 1.46102
379 5.9691 1.50401
380 5.81216 1.46457
381 5.70444 1.47147
382 5.96322 1.39816
383 5.94945 1.51589
